1,0,136
1,4,161
1,4,351
1,5,83
1,5,157
1,5,203
1,5,751
1,6,97
1,6,582
1,7,768
1,8,72
1,9,0
1,9,373
1,13,792
1,14,214
1,14,685
1,16,456
1,16,772
1,17,77
1,17,555
1,18,516
1,19,265
1,19,669
1,23,58
1,23,375
1,24,91
1,24,470
1,24,488
1,24,748
1,25,32
1,25,609
1,26,700
1,27,795
1,28,25
1,29,415
1,29,774
1,30,624
1,32,44
1,32,636
1,35,83
1,35,115
1,35,274
1,36,488
1,36,773
1,37,256
1,37,541
1,38,318
1,38,602
1,39,795
1,41,307
1,42,428
1,43,704
1,44,168
1,44,788
1,45,197
1,45,380
1,45,566
1,45,772
1,46,631
1,47,187
1,48,206
1,49,726
1,50,679
1,52,475
1,52,603
1,53,81
1,53,326
1,53,395
1,55,23
1,55,698
1,57,353
1,57,425
1,58,523
1,59,276
1,59,718
1,60,223
1,60,230
1,60,386
1,62,629
1,64,723
1,65,51
1,66,407
1,69,191
1,69,430
1,70,19
1,70,742
1,70,765
1,71,80
1,72,531
1,73,614
1,74,315
1,76,101
1,76,225
1,78,652
1,79,429
1,79,776
1,80,40
1,81,296
1,82,353
1,82,498
1,84,196
1,85,393
1,87,193
1,87,543
1,88,414
1,88,657
1,89,264
1,92,315
1,92,653
1,92,765
1,94,110
1,94,241
1,95,36
1,95,73
1,95,538
1,96,635
1,99,113
1,101,583
1,102,171
1,103,360
1,104,88
1,105,528
1,106,134
1,110,573
1,113,168
1,115,31
1,116,129
1,116,199
1,116,250
1,116,515
1,116,537
1,121,145
1,122,159
1,122,399
1,124,278
1,124,431
1,124,527
1,126,516
1,127,144
1,128,69
1,128,549
1,129,159
1,130,80
1,130,728
1,132,185
1,134,114
1,134,568
1,134,676
1,135,240
1,135,589
1,136,22
1,136,287
1,137,696
1,139,774
1,139,796
1,140,232
1,141,11
1,141,42
1,143,176
1,143,587
1,144,101
1,144,754
1,145,421
1,145,541
1,146,156
1,147,277
1,147,471
1,148,25
1,148,386
1,149,452
1,150,677
1,153,289
1,154,735
1,155,495
1,156,232
1,159,260
1,159,589
1,160,109
1,161,201
1,164,466
1,165,350
1,169,42
1,172,794
1,174,229
1,177,430
1,177,727
1,179,283
1,182,746
1,183,509
1,183,700
1,184,51
1,184,89
1,185,10
1,186,425
1,186,440
1,192,408
1,192,668
1,194,630
1,195,358
1,197,275
1,199,308
1,199,374
1,201,433
1,201,505
1,201,593
1,204,251
1,204,461
1,204,703
1,204,748
1,206,435
1,207,786
1,209,26
1,209,368
1,210,523
1,212,122
1,213,344
1,213,596
1,215,798
1,216,506
1,218,294
1,219,103
1,220,193
1,220,352
1,223,124
1,224,8
1,225,169
1,226,63
1,226,590
1,228,775
1,230,574
1,230,702
1,231,52
1,231,655
1,232,482
1,233,515
1,233,708
1,236,355
1,236,436
1,237,119
1,239,93
1,240,173
1,240,464
1,240,633
1,241,96
1,242,335
1,245,679
1,246,199
1,247,278
1,253,7
1,253,448
1,253,795
1,254,352
1,259,477
1,259,549
1,261,192
1,263,411
1,264,245
1,265,291
1,265,743
1,266,45
1,268,427
1,269,84
1,270,109
1,270,272
1,270,316
1,274,312
1,274,442
1,275,94
1,275,732
1,276,118
1,276,618
1,276,626
1,276,692
1,279,693
1,280,184
1,284,637
1,285,265
1,285,787
1,286,208
1,286,537
1,287,582
1,288,223
1,288,358
1,288,621
1,289,427
1,291,577
1,292,277
1,292,480
1,293,438
1,294,178
1,294,637
1,295,2
1,295,201
1,297,424
1,297,521
1,298,95
1,298,247
1,298,668
1,300,193
1,300,765
1,301,683
1,304,281
1,305,347
1,305,570
1,306,293
1,307,195
1,308,597
1,308,696
1,309,756
1,310,177
1,310,322
1,310,715
1,311,518
1,314,308
1,315,21
1,315,86
1,315,153
1,315,669
1,317,506
1,318,322
1,318,578
1,319,354
1,319,727
1,321,435
1,322,790
1,324,662
1,325,49
1,330,361
1,330,536
1,332,191
1,332,341
1,333,41
1,336,218
1,336,363
1,336,386
1,338,622
1,340,36
1,340,290
1,342,448
1,346,312
1,347,76
1,348,210
1,349,125
1,349,380
1,350,179
1,350,272
1,351,231
1,352,59
1,352,191
1,353,729
1,354,680
1,355,293
1,356,84
1,356,365
1,356,708
1,358,179
1,358,468
1,361,144
1,365,299
1,365,432
1,367,466
1,368,1
1,369,418
1,369,436
1,369,491
1,369,647
1,372,40
1,372,368
1,373,72
1,373,88
1,373,389
1,374,414
1,375,340
1,376,259
1,376,562
1,378,402
1,378,508
1,379,153
1,379,359
1,382,60
1,382,770
1,383,27
1,383,208
1,383,307
1,383,456
1,384,373
1,384,652
1,386,242
1,387,167
1,387,582
1,388,120
1,389,226
1,391,7
1,391,236
1,392,281
1,393,497
1,394,123
1,397,734
1,398,82
1,399,147
1,399,617
1,400,482
1,400,651
1,400,666
1,403,258
1,403,352
1,404,139
1,405,121
1,410,220
1,410,682
1,411,247
1,412,103
1,413,172
1,413,778
1,414,33
1,414,200
1,414,507
1,414,703
1,415,62
1,415,292
1,418,678
1,418,785
1,419,428
1,421,500
1,421,592
1,422,458
1,424,351
1,427,168
1,428,434
1,429,268
1,429,723
1,432,531
1,434,87
1,435,569
1,436,588
1,439,339
1,439,760
1,439,777
1,441,310
1,443,756
1,446,245
1,446,632
1,447,653
1,448,326
1,449,791
1,450,138
1,450,571
1,451,547
1,453,699
1,454,482
1,455,5
1,455,106
1,455,365
1,456,641
1,457,229
1,459,731
1,461,151
1,461,514
1,462,796
1,463,194
1,463,325
1,463,689
1,463,761
1,465,120
1,465,781
1,468,85
1,468,652
1,469,357
1,471,679
1,473,88
1,473,295
1,473,576
1,473,722
1,475,5
1,475,267
1,475,527
1,476,132
1,476,614
1,479,742
1,480,117
1,480,704
1,480,794
1,481,592
1,482,250
1,482,648
1,485,614
1,487,549
1,487,658
1,489,716
1,490,143
1,491,29
1,491,359
1,491,567
1,491,616
1,493,172
1,493,221
1,494,386
1,494,481
1,494,601
1,495,663
1,495,793
1,498,633
1,498,732
1,499,652
1,501,135
1,502,259
1,502,420
1,502,597
1,503,212
1,505,318
1,507,53
1,508,302
1,509,638
1,511,242
1,512,281
1,512,596
1,514,165
1,514,419
1,515,351
1,515,580
1,515,717
1,516,468
1,523,110
1,523,394
1,524,39
1,525,402
1,526,601
1,527,173
1,528,139
1,528,750
1,529,61
1,529,65
1,530,638
1,531,636
1,533,102
1,533,690
1,534,152
1,534,217
1,534,378
1,534,674
1,535,560
1,535,763
1,537,350
1,538,182
1,539,152
1,539,697
1,540,478
1,541,297
1,542,367
1,544,486
1,545,202
1,545,416
1,545,774
1,549,386
1,549,427
1,550,165
1,551,57
1,555,180
1,556,361
1,556,448
1,557,217
1,558,52
1,559,754
1,561,462
1,564,428
1,565,526
1,573,692
1,574,411
1,575,749
1,576,235
1,577,192
1,578,270
1,579,383
1,579,474
1,579,525
1,580,81
1,582,31
1,584,181
1,584,354
1,584,631
1,585,92
1,585,401
1,585,445
1,586,416
1,587,640
1,588,135
1,588,667
1,589,341
1,589,456
1,589,624
1,590,682
1,591,511
1,593,198
1,593,554
1,596,263
1,596,307
1,597,5
1,597,425
1,597,796
1,599,187
1,599,219
1,599,565
1,599,676
1,601,78
1,604,353
1,608,115
1,608,162
1,609,100
1,610,18
1,610,236
1,610,372
1,611,629
1,612,766
1,612,779
1,613,348
1,613,612
1,615,29
1,616,318
1,617,124
1,618,659
1,618,720
1,619,567
1,621,523
1,623,437
1,624,422
1,625,44
1,626,78
1,627,180
1,627,533
1,627,620
1,631,45
1,633,600
1,633,680
1,634,337
1,634,414
1,639,499
1,639,619
1,645,235
1,646,85
1,646,290
1,648,23
1,649,570
1,650,302
1,650,786
1,650,796
1,651,652
1,652,423
1,656,157
1,656,545
1,657,408
1,657,452
1,658,764
1,660,726
1,660,781
1,661,515
1,662,46
1,663,703
1,665,450
1,665,525
1,665,626
1,666,113
1,666,171
1,666,589
1,667,129
1,668,294
1,668,309
1,670,249
1,670,358
1,671,59
1,671,688
1,676,212
1,676,565
1,678,611
1,679,44
1,679,96
1,679,269
1,680,417
1,680,527
1,684,469
1,684,516
1,684,742
1,685,671
1,687,720
1,688,322
1,689,630
1,690,79
1,692,548
1,692,598
1,694,373
1,694,452
1,696,306
1,699,517
1,701,182
1,702,29
1,703,343
1,703,602
1,705,207
1,705,524
1,708,52
1,709,471
1,711,434
1,711,791
1,713,345
1,714,239
1,715,126
1,715,490
1,716,773
1,717,743
1,718,500
1,720,163
1,721,670
1,722,108
1,723,225
1,723,456
1,724,562
1,724,688
1,726,382
1,728,588
1,728,612
1,729,368
1,731,72
1,731,297
1,736,748
1,736,768
1,738,461
1,740,658
1,741,40
1,742,22
1,742,529
1,743,786
1,744,163
1,745,409
1,746,776
1,749,364
1,749,470
1,750,279
1,750,745
1,754,566
1,755,207
1,756,288
1,757,36
1,758,381
1,759,172
1,760,791
1,761,689
1,762,64
1,764,115
1,765,534
1,766,183
1,767,52
1,768,7
1,770,357
1,770,657
1,771,417
1,771,514
1,771,576
1,773,621
1,775,597
1,775,676
1,776,483
1,777,769
1,778,276
1,778,337
1,778,697
1,781,584
1,785,503
1,787,185
1,787,436
1,789,310
1,789,618
1,789,693
1,790,632
1,791,458
1,793,727
1,796,335
1,796,742
1,797,538
1,798,241
1,799,44
1,799,263
1,800,97
1,800,158
1,800,603
1,800,655
2,0,16
2,0,529
2,0,657
2,0,695
2,2,230
2,3,112
2,3,563
2,3,610
2,4,476
2,6,42
2,6,61
2,6,495
2,6,736
2,7,636
2,9,292
2,11,180
2,11,312
2,12,363
2,13,713
2,15,246
2,17,128
2,17,338
2,17,396
2,19,529
2,20,159
2,22,724
2,23,196
2,24,101
2,24,453
2,25,233
2,27,180
2,27,216
2,27,365
2,28,292
2,28,328
2,28,688
2,29,583
2,34,441
2,34,651
2,35,66
2,35,292
2,36,338
2,37,155
2,37,748
2,39,37
2,39,396
2,39,667
2,40,100
2,40,410
2,40,509
2,41,142
2,41,230
2,43,365
2,47,251
2,48,747
2,50,757
2,52,579
2,53,503
2,54,10
2,56,163
2,56,613
2,56,648
2,57,103
2,57,119
2,57,365
2,57,537
2,58,677
2,62,448
2,62,712
2,63,789
2,64,304
2,64,472
2,66,204
2,68,257
2,68,346
2,68,580
2,70,549
2,71,277
2,71,668
2,72,12
2,72,454
2,72,598
2,73,383
2,75,120
2,77,58
2,77,637
2,78,139
2,78,172
2,79,569
2,80,333
2,80,715
2,82,582
2,82,787
2,83,94
2,84,737
2,85,690
2,87,64
2,87,370
2,87,450
2,87,607
2,88,210
2,89,134
2,89,669
2,90,0
2,90,549
2,93,524
2,95,253
2,95,789
2,96,279
2,96,736
2,98,17
2,98,469
2,100,51
2,100,437
2,101,208
2,101,488
2,101,718
2,102,645
2,104,407
2,105,376
2,107,145
2,108,296
2,108,455
2,108,627
2,109,325
2,112,703
2,113,271
2,114,107
2,114,340
2,114,785
2,115,321
2,115,593
2,116,741
2,117,234
2,117,679
2,117,759
2,118,9
2,118,613
2,121,447
2,122,384
2,124,569
2,124,700
2,125,359
2,125,415
2,125,489
2,126,40
2,126,260
2,128,470
2,129,634
2,132,307
2,133,207
2,134,607
2,135,66
2,136,636
2,137,322
2,137,435
2,137,508
2,137,556
2,138,192
2,138,762
2,139,342
2,140,739
2,141,269
2,143,368
2,145,52
2,146,84
2,146,640
2,147,248
2,147,315
2,150,135
2,150,666
2,151,487
2,153,295
2,154,577
2,154,770
2,155,345
2,155,546
2,156,523
2,158,24
2,158,425
2,158,451
2,158,621
2,159,7
2,160,388
2,160,506
2,161,174
2,161,600
2,161,786
2,163,408
2,164,637
2,165,190
2,166,134
2,166,650
2,167,309
2,167,730
2,168,564
2,169,87
2,169,374
2,171,332
2,171,494
2,172,223
2,172,715
2,174,171
2,174,207
2,174,618
2,175,678
2,176,542
2,177,463
2,178,129
2,179,59
2,179,247
2,179,293
2,180,104
2,180,530
2,181,24
2,182,279
2,183,392
2,183,780
2,184,324
2,184,595
2,184,690
2,185,562
2,187,448
2,187,488
2,187,762
2,189,70
2,189,199
2,192,342
2,193,646
2,195,575
2,195,609
2,196,706
2,196,742
2,198,121
2,199,671
2,200,148
2,201,223
2,202,288
2,204,6
2,204,452
2,204,478
2,204,551
2,205,169
2,205,497
2,206,36
2,206,47
2,206,100
2,206,241
2,206,401
2,206,776
2,209,268
2,209,386
2,211,82
2,211,738
2,213,323
2,213,337
2,213,695
2,214,623
2,215,564
2,216,536
2,217,529
2,219,229
2,222,30
2,222,109
2,223,80
2,223,368
2,224,183
2,226,283
2,226,410
2,227,741
2,229,321
2,229,369
2,229,679
2,230,555
2,231,544
2,231,641
2,231,792
2,233,140
2,233,422
2,235,383
2,236,262
2,237,603
2,237,758
2,238,726
2,239,239
2,240,498
2,240,519
2,241,301
2,244,181
2,244,781
2,245,64
2,245,646
2,247,583
2,248,368
2,248,696
2,249,33
2,250,671
2,251,214
2,251,504
2,252,240
2,252,383
2,252,563
2,253,617
2,255,399
2,256,707
2,257,174
2,258,96
2,258,337
2,258,434
2,259,129
2,260,591
2,261,775
2,264,22
2,265,516
2,265,750
2,267,387
2,268,197
2,268,646
2,270,166
2,270,329
2,270,457
2,272,494
2,274,292
2,274,369
2,275,63
2,275,475
2,277,33
2,277,77
2,278,42
2,279,340
2,280,400
2,281,673
2,283,243
2,284,597
2,285,509
2,285,702
2,286,552
2,287,724
2,288,503
2,288,778
2,290,745
2,291,318
2,293,212
2,297,793
2,298,151
2,298,496
2,299,130
2,299,611
2,299,622
2,300,59
2,302,33
2,302,449
2,303,403
2,303,653
2,304,235
2,305,127
2,306,674
2,308,376
2,310,433
2,310,561
2,310,774
2,311,474
2,311,532
2,312,102
2,313,407
2,314,339
2,315,13
2,315,217
2,317,65
2,320,235
2,321,385
2,322,291
2,322,450
2,323,415
2,323,497
2,324,766
2,325,254
2,325,691
2,326,29
2,326,107
2,326,714
2,327,554
2,327,613
2,327,745
2,328,126
2,328,401
2,330,84
2,330,591
2,334,11
2,334,463
2,334,782
2,336,153
2,336,280
2,336,433
2,337,69
2,337,738
2,338,93
2,338,161
2,338,232
2,338,517
2,338,604
2,340,483
2,341,500
2,341,570
2,343,773
2,345,344
2,346,792
2,347,584
2,348,250
2,349,420
2,350,534
2,350,695
2,351,19
2,351,113
2,351,637
2,351,662
2,352,750
2,353,608
2,354,326
2,356,403
2,356,512
2,357,455
2,359,550
2,361,257
2,361,772
2,362,275
2,362,626
2,363,352
2,363,509
2,363,592
2,364,48
2,364,194
2,365,128
2,365,211
2,368,755
2,369,791
2,370,290
2,371,606
2,371,719
2,372,534
2,372,688
2,375,139
2,377,11
2,377,100
2,377,229
2,377,467
2,379,703
2,379,737
2,380,326
2,380,788
2,382,532
2,382,634
2,383,84
2,383,269
2,385,340
2,387,439
2,388,45
2,388,553
2,388,669
2,390,191
2,393,21
2,394,313
2,394,384
2,394,569
2,394,691
2,394,761
2,394,788
2,395,460
2,396,292
2,396,514
2,396,722
2,398,97
2,399,205
2,399,415
2,400,609
2,401,276
2,401,595
2,402,637
2,403,528
2,405,394
2,405,546
2,407,345
2,408,364
2,408,441
2,408,758
2,410,136
2,412,491
2,413,719
2,414,56
2,414,157
2,414,307
2,414,574
2,415,0
2,415,407
2,416,119
2,416,232
2,416,265
2,416,468
2,417,659
2,421,42
2,422,25
2,422,557
2,422,613
2,423,641
2,424,325
2,424,795
2,425,414
2,425,757
2,426,213
2,426,739
2,427,486
2,427,692
2,428,358
2,428,381
2,430,289
2,432,70
2,432,151
2,432,495
2,433,58
2,434,131
2,435,519
2,438,41
2,438,190
2,440,393
2,440,716
2,441,285
2,441,666
2,443,13
2,443,103
2,443,215
2,444,268
2,445,302
2,445,735
2,446,442
2,446,592
2,447,164
2,449,605
2,450,521
2,451,355
2,455,465
2,456,420
2,458,259
2,459,38
2,460,626
2,462,220
2,462,713
2,463,173
2,463,331
2,463,504
2,464,745
2,465,281
2,465,399
2,465,536
2,465,663
2,467,235
2,467,376
2,467,770
2,469,474
2,470,49
2,472,435
2,473,552
2,475,72
2,475,197
2,475,426
2,476,504
2,476,644
2,479,459
2,480,300
2,480,325
2,482,567
2,483,29
2,483,156
2,483,759
2,486,390
2,487,197
2,487,365
2,487,773
2,488,8
2,488,50
2,488,80
2,489,537
2,490,691
2,491,108
2,492,444
2,492,466
2,495,346
2,495,407
2,495,710
2,496,758
2,499,770
2,500,93
2,500,232
2,501,589
2,502,671
2,506,20
2,506,506
2,506,524
2,506,562
2,508,382
2,509,437
2,509,739
2,510,144
2,510,316
2,511,75
2,511,657
2,512,543
2,512,780
2,513,485
2,513,615
2,515,203
2,517,433
2,518,254
2,518,763
2,520,275
2,521,450
2,522,95
2,522,304
2,522,715
2,524,13
2,524,505
2,526,584
2,527,543
2,529,337
2,530,187
2,531,781
2,532,599
2,534,208
2,534,657
2,535,129
2,535,232
2,535,319
2,536,87
2,537,256
2,537,790
2,538,503
2,539,399
2,539,443
2,540,269
2,543,14
2,544,35
2,545,464
2,546,633
2,546,748
2,547,230
2,547,723
2,548,107
2,548,332
2,550,135
2,550,348
2,550,522
2,550,608
2,551,289
2,551,540
2,552,393
2,552,688
2,554,23
2,555,658
2,555,781
2,556,11
2,557,247
2,557,310
2,558,82
2,558,371
2,560,587
2,560,727
2,562,66
2,562,505
2,563,205
2,564,134
2,564,289
2,564,555
2,567,323
2,567,633
2,570,176
2,571,792
2,572,357
2,573,215
2,574,571
2,576,96
2,576,145
2,576,252
2,577,307
2,577,486
2,578,597
2,578,656
2,580,6
2,580,706
2,582,69
2,582,738
2,584,570
2,585,245
2,587,114
2,587,333
2,587,606
2,588,723
2,590,287
2,590,757
2,591,388
2,591,779
2,593,159
2,593,473
2,595,36
2,597,541
2,599,52
2,599,371
2,599,605
2,600,334
2,601,203
2,601,511
2,602,387
2,602,712
2,603,633
2,604,175
2,604,663
2,605,430
2,606,270
2,606,406
2,607,245
2,607,303
2,607,561
2,607,687
2,608,740
2,609,139
2,611,593
2,613,55
2,616,469
2,619,92
2,619,220
2,620,6
2,620,78
2,621,380
2,621,648
2,622,283
2,622,488
2,623,122
2,623,701
2,627,361
2,627,738
2,627,781
2,629,720
2,630,158
2,630,572
2,631,549
2,632,23
2,632,757
2,633,211
2,633,248
2,633,310
2,634,184
2,634,449
2,635,102
2,635,116
2,635,397
2,636,268
2,637,325
2,637,665
2,638,528
2,638,687
2,640,509
2,643,745
2,644,56
2,645,140
2,645,441
2,646,430
2,646,599
2,647,767
2,648,239
2,649,16
2,649,329
2,649,352
2,649,384
2,651,278
2,651,686
2,652,551
2,652,635
2,653,217
2,653,574
2,654,65
2,654,719
2,655,488
2,657,77
2,660,156
2,661,469
2,662,374
2,662,436
2,662,669
2,663,180
2,663,263
2,663,792
2,664,741
2,666,284
2,669,226
2,670,339
2,672,755
2,676,580
2,676,595
2,677,203
2,678,492
2,679,503
2,681,375
2,682,109
2,682,162
2,682,401
2,682,620
2,683,282
2,684,22
2,684,645
2,684,773
2,685,7
2,685,306
2,685,754
2,687,228
2,688,47
2,688,69
2,688,140
2,689,439
2,689,703
2,689,785
2,691,95
2,691,251
2,691,682
2,692,539
2,694,14
2,697,388
2,697,727
2,698,275
2,699,161
2,700,368
2,700,410
2,700,619
2,703,584
2,704,480
2,704,564
2,704,642
2,705,225
2,705,463
2,705,684
2,706,73
2,706,190
2,706,313
2,707,133
2,708,5
2,709,294
2,709,510
2,709,753
2,710,331
2,710,702
2,712,44
2,712,411
2,714,173
2,714,552
2,715,362
2,719,280
2,719,526
2,719,625
2,719,794
2,720,198
2,720,599
2,720,758
2,722,20
2,722,316
2,724,433
2,725,269
2,726,58
2,728,476
2,728,655
2,730,218
2,733,640
2,734,571
2,735,324
2,738,349
2,738,362
2,738,551
2,738,710
2,739,177
2,740,3
2,740,278
2,740,799
2,741,68
2,741,120
2,741,384
2,741,518
2,742,91
2,742,228
2,742,256
2,744,293
2,744,441
2,745,656
2,745,677
2,746,337
2,746,723
2,747,608
2,750,191
2,750,396
2,752,496
2,753,84
2,753,584
2,754,431
2,754,608
2,755,125
2,757,452
2,757,626
2,757,763
2,758,704
2,759,211
2,759,298
2,759,728
2,760,327
2,762,498
2,765,148
2,765,199
2,766,100
2,766,352
2,768,381
2,769,707
2,770,464
2,770,553
2,770,779
2,774,389
2,775,228
2,775,404
2,775,643
2,776,37
2,776,254
2,776,309
2,778,26
2,779,732
2,780,116
2,781,173
2,781,614
2,781,792
2,783,11
2,783,137
2,784,514
2,787,756
2,788,77
2,788,290
2,789,203
2,790,142
2,791,349
2,791,392
2,791,429
2,791,477
2,792,183
2,793,220
2,793,552
2,793,562
2,797,19
